-36
-36
-36
-20
-20
-36
-20
-20
-20
-20
-20
-20
-24
-24
-20
-24
-24
-24
-20
-20
-20
-20
-28
-36
-40
-40
-36
-28
-28
-32
-28
-44
-44
16
24
16
0
8
172
24
32
40
192
56
64
72
80
48
176
184
348
200
208
216
232
240
248
256
368
352
360
524
376
384
392
224
408
416
424
432
400
8
16
16
172
0
8
24
32
40
16
88
96
120
128
0
0
8
16
0
0
0
8
16
16
18
0
72
16
144
144
16
16
18
16
16
16
144
16
16
0
0
104
80
96
0
120
72
0
0
0
0
0
8
520
8
8
8
784
8
8
788
264
8
8
16
16
16
16
-8
-16
-8
-16
8
24
16
24
8
32
8
40
32
8
16
24
8
16
0
16
8
0
0
0
0
16
8
0
8
8
8
16
8
8
16
8
8
16
24
16
16
8
40
32
24
16
8
8
40
32
24
16
8
8
8
0
16
8
8
0
0
16
8
16
8
8
72
16
172
16
172
24
1
0
8
0
1
0
8
0
8
0
0
8
0
16
18
0
-1
-1
15
8
0
0
8
0
8
8
0
0
8
0
0
0
0
0
0
0
0
0
0
0
0
8
16
0
8
0
8
0
8
0
8
0
8
0
8
8
0
0
8
0
0
1
1
0
8
0
8
0
8
0
8
8
0
0
8
1
0
8
0
8
10
1
16
16
16
16
16
172
0
-1
0
-8
1
1
16
1
0
0
8
-1144
0
1
1
1
-1152
0
-1160
1
2
-1
0
0
0
0
0
0
0
0
0
0
0
0
0
8
0
0
8
-1152
0
0
0
0
0
8
0
0
8
0
0
0
0
-1144
0
0
0
0
0
-1
2
0
0
-1
0
0
8
0
0
-1
0
72
8
16
8
16
80
48
16
88
88
120
120
16
16
24
72
0
0
48
16
72
8
88
112
48
16
0
24
16
8
0
88
0
88
12
64
48
16
16
144
24
16
8
0
88
144
0
0
16
0
16
172
16
172
8
8
16
0
0
8
0
8
0
8
0
0
0
8
88
0
8
88
24
0
32
24
0
32
8
24
32
0
8
0
64
48
16
16
16
0
12
0
32
24
24
16
16
24
0
12
32
12
0
12
0
16
16
16
0
8
0
8
0
24
32
12
64
48
16
16
8
0
0
16
16
24
32
64
48
0
12
0
12
12
0
12
0
24
16
0
16
0
16
72
16
8
16
24
16
24
56
32
48
0
8
88
112
88
8
24
16
16
16
104
0
16
12
40
0
16
16
16
16
8
96
0
88
96
118
96
88
117
116
0
16
16
88
8
96
0
0
8
8
16
88
8
24
0
118
88
112
104
96
0
8
16
12
40
0
8
40
16
12
24
172
0
24
32
12
0
12
32
16
16
172
16
172
24
0
32
0
12
0
12
32
16
24
32
12
40
24
16
32
12
40
16
32
12
88
16
88
24
8
0
12
16
24
32
12
40
32
12
32
12
0
16
0
0
0
80
0
0
20
20
0
20
12
0
0
0
4
0
20
20
0
0
20
24
-1
4
-1
0
4
8
20
20
24
20
24
0
0
24
20
24
20
24
20
24
88
80
88
80
0
0
0
20
0
20
104
12
20
8
20
8
104
0
20
0
0
104
12
8
96
0
8
104
0
0
0
96
20
8
104
0
8
20
20
-4
0
-8
-12
-8
20
24
0
0
24
28
20
0
20
20
-8
16
-16
8
-8
0
8
8
-16
8
8
-16
8
24
16
0
16
8
24
0
8
16
16
8
8
0
8
24
16
0
16
8
24
0
8
16
16
24
0
16
8
24
0
8
16
16
24
16
8
-8
-8
16
32
24
40
32
40
16
32
24
40
32
48
-8
56
16
32
24
40
32
48
-8
56
32
48
-8
56
0
0
1
0
1
2
8
20
0
0
0
0
24
20
0
0
0
8
0
2
4
6
8
8
8
6
4
2
0
6
0
2
4
8
8
0
0
0
0
0
16
24
1
0
8
0
1
0
8
0
8
0
0
8
0
0
8
0
0
8
0
8
8
0
0
8
0
0
0
0
0
0
0
0
0
0
0
0
0
8
0
8
0
8
0
8
0
8
0
8
0
8
8
0
0
8
0
1
1
0
8
0
8
8
0
0
8
0
8
0
8
-1
-1
15
0
8
1
0
8
10
1
8
8
8
0
16
16
16
8
16
8
16
16
0
24
32
18
16
16
16
0
24
32
16
16
0
24
32
0
0
16
0
0
0
0
0
0
2
0
1
0
-1
0
20
0
8
4
0
0
1
2
1
1
1
8
4
12
4
20
0
0
12
4
0
0
20
20
-4
20
24
20
8
0
8
4
1
1
12
4
0
0
20
12
20
8
20
20
24
20
24
20
12
20
8
20
20
0
12
4
16
20
0
0
0
0
8
0
20
20
24
20
24
20
24
0
0
24
20
0
16
8
8
1
2
12
8
4
20
24
16
16
20
20
12
8
8
8
20
8
20
20
20
20
8
12
20
8
20
20
24
8
16
172
16
172
24
1
0
8
0
1
0
8
0
8
0
8
16
16
18
0
0
0
0
0
0
0
0
0
0
0
0
0
8
0
8
0
8
0
8
0
8
0
0
0
0
16
16
0
12
0
12
0
24
16
16
24
12
32
0
24
16
0
16
336
336
0
336
336
0
0
336
0
336
336
336
336
336
0
