0
8
0
0
8
8
0
40
32
0
0
0
40
32
40
32
0
0
0
0
40
32
8
0
8
0
8
8
0
32
40
24
16
8
0
40
32
24
16
8
0
16
40
32
24
8
40
32
24
16
8
72
72
48
40
32
24
16
8
0
72
64
56
72
64
56
40
32
24
16
8
0
48
16
32
40
24
48
56
64
72
8
24
48
56
40
64
72
80
88
16
24
8
24
16
16
96
88
104
72
48
56
40
64
24
32
16
172
16
172
104
96
88
8
8
48
56
40
64
72
80
88
8
24
8
24
8
32
40
24
48
56
64
72
8
24
0
18
8
8
0
8
0
16
32
24
16
8
40
32
40
8
16
24
18
0
18
8
8
0
8
0
18
16
8
24
24
16
8
24
16
8
104
24
40
32
16
8
0
16
8
32
40
24
40
32
24
16
8
24
24
16
8
24
16
8
16
8
24
24
16
8
24
16
8
16
8
24
24
16
8
24
16
8
16
0
24
8
24
16
8
0
0
8
10
14
13
12
11
10
9
8
7
6
5
4
3
2
1
0
-94
0
-8
-7
-6
-5
-4
-3
-2
0
32
48
72
40
24
16
8
64
56
0
64
56
40
24
16
8
0
72
48
32
8
32
24
16
0
40
8
40
32
24
16
8
0
0
8
0
40
32
24
16
8
0
8
-840
16
8
24
8
16
8
8
16
24
24
16
8
0
8
0
16
24
8
0
24
16
24
8
16
24
24
16
8
0
0
0
16
8
24
24
16
16
16
24
8
24
24
16
24
16
8
0
24
16
24
16
8
16
8
0
40
32
24
16
8
0
8
8
72
64
88
80
56
8
8
24
16
8
88
80
72
64
56
8
0
0
24
24
8
24
8
8
24
16
88
80
72
64
56
40
8
48
24
32
16
8
16
16
16
48
32
24
8
88
80
40
72
64
56
8
24
16
8
88
80
72
64
56
24
0
16
8
24
16
24
24
24
16
0
8
8
0
16
16
48
40
32
24
8
568
560
544
520
24
0
0
72
64
192
200
552
536
528
472
512
504
496
488
480
224
216
208
40
88
104
112
96
16
8
224
216
224
216
16
16
159
0
232
159
32
56
48
224
159
216
224
216
216
224
216
216
224
216
16
16
32
216
32
0
224
8
0
0
24
0
16
8
0
16
24
32
56
0
48
56
48
32
24
56
48
32
192
200
168
32
48
56
192
200
48
32
80
56
40
40
56
168
56
40
88
0
88
120
40
40
40
56
120
56
40
56
40
184
-1
184
184
-1
-1
168
40
168
176
177
-1
-1
0
-1
88
40
88
64
48
56
48
80
159
224
216
8
0
136
128
120
80
224
136
128
120
80
216
40
224
216
64
72
0
8
224
216
40
192
200
56
48
48
56
0
216
224
8
88
0
224
216
8
8
0
48
224
48
24
0
159
232
24
24
159
0
56
48
24
32
159
24
48
56
24
224
32
56
48
159
216
80
0
8
224
216
8
0
224
216
80
224
216
8
0
120
80
120
224
80
192
200
80
80
216
224
216
168
40
64
216
72
224
216
40
216
224
216
8
0
224
216
24
24
0
24
24
24
24
0
159
331
159
32
56
48
24
0
24
24
159
0
24
24
24
0
24
159
331
32
56
48
24
0
24
16
0
24
0
159
24
24
0
160
159
32
224
216
48
24
56
48
24
24
0
24
0
8
96
112
16
104
0
159
159
159
0
216
80
120
0
8
224
216
8
0
224
216
80
120
224
216
8
0
128
120
80
224
80
120
128
8
0
8
32
0
552
536
528
512
504
496
488
480
472
568
560
16
544
520
8
0
128
120
80
224
128
120
80
216
224
216
8
0
224
216
224
216
8
0
224
168
40
216
224
216
168
40
216
64
72
224
216
40
216
224
216
216
224
216
8
0
224
216
216
80
120
128
136
0
8
224
216
8
0
224
216
120
80
128
136
224
216
159
224
216
8
0
48
224
216
48
40
0
8
224
216
8
0
224
216
24
16
0
24
159
0
24
104
-1
104
40
159
24
0
8
24
24
24
24
0
32
0
331
24
0
32
56
48
24
0
161
159
160
0
24
331
8
0
48
224
48
24
216
0
8
224
216
8
0
224
216
161
160
48
192
200
32
80
24
56
159
0
331
24
32
56
48
24
0
8
0
48
224
216
48
8
0
48
224
216
48
0
24
24
216
224
216
40
216
64
72
224
216
8
0
128
120
80
159
224
80
120
128
216
24
0
159
0
8
0
48
224
48
224
216
192
200
48
32
32
48
159
0
216
64
72
224
216
40
216
224
32
24
24
32
159
216
224
216
0
8
24
159
24
200
159
32
56
48
224
216
8
0
80
224
80
112
96
80
56
48
40
32
32
40
48
56
80
-1
40
128
48
80
48
120
56
136
56
112
8
104
216
96
0
8
224
216
80
216
224
0
8
216
104
56
40
120
128
136
48
216
0
8
224
216
0
224
216
224
216
0
8
0
224
0
224
0
331
24
8
0
48
168
224
48
159
8
0
80
224
80
24
331
48
56
24
24
16
0
159
56
48
32
8
0
48
168
224
216
48
0
80
56
40
32
40
56
80
192
200
32
80
177
0
88
159
40
40
0
128
120
56
56
120
128
40
128
120
56
56
120
128
184
184
0
184
40
168
168
176
177
178
0
224
168
40
176
168
177
40
48
64
48
56
48
168
120
56
40
40
56
120
184
40
168
48
48
8
0
48
168
224
48
159
176
168
177
24
56
48
8
0
48
168
40
224
48
64
40
224
216
8
0
224
216
40
48
32
80
0
120
56
40
56
40
120
48
184
168
40
56
48
0
32
80
0
120
56
40
40
56
120
224
216
8
0
48
224
216
48
48
192
200
48
32
80
104
0
1
104
48
56
56
48
112
0
128
120
56
56
120
128
168
8
0
32
56
40
32
40
56
48
80
32
168
64
40
56
88
-1
40
168
32
32
48
32
80
24
0
24
88
64
56
48
8
48
56
32
40
56
48
32
40
168
16
172
18
48
64
1216
1208
1200
1224
40
16
172
18
48
64
0
24
12
32
16
1224
1216
1200
1208
1376
1304
1384
1368
1360
1352
1344
1336
1328
1320
1312
1296
1288
16
0
172
0
-1156
0
0
0
0
0
0
0
0
0
0
0
0
0
1384
1376
1368
1360
1352
1344
1336
1328
1320
1312
1304
1296
1288
0
0
0
0
0
-1156
0
0
0
0
0
0
0
0
0
10
0
0
0
0
0
0
0
0
0
0
0
0
0
0
0
0
0
-1360
-1328
0
0
0
0
0
0
0
0
0
0
0
0
0
0
0
0
0
0
0
0
0
0
0
-1344
0
0
0
8
10
0
0
0
0
0
0
0
10
0
0
0
0
-880
-1288
0
0
0
0
0
0
0
0
0
0
0
0
0
0
0
0
0
0
-1352
0
0
0
8
10
0
0
0
0
0
10
0
0
0
0
-880
-1288
-1416
-1288
-1136
0
0
0
0
0
0
0
0
0
0
0
0
0
0
0
0
0
0
0
0
0
0
0
0
0
0
0
0
0
0
0
0
0
0
0
0
0
0
0
0
0
0
0
0
8
10
0
0
0
10
0
0
0
0
0
-880
0
-1144
0
0
0
0
0
0
0
0
0
0
0
0
0
0
0
0
0
0
0
0
0
0
0
0
0
0
0
0
0
0
0
0
0
0
0
0
0
0
0
8
10
0
0
0
0
10
0
0
0
0
0
0
0
0
0
0
0
8
10
0
0
0
0
10
0
-1136
0
0
-1136
0
0
0
0
0
0
0
0
0
0
0
0
0
0
0
0
0
0
8
10
0
0
0
0
10
0
0
0
0
0
0
0
0
0
0
0
0
0
0
0
0
0
0
0
0
0
0
0
0
0
0
0
0
0
0
0
0
0
0
0
0
0
0
0
0
0
0
0
0
0
0
0
0
0
0
0
8
0
0
0
0
0
0
0
0
0
0
0
0
0
0
0
0
0
0
0
0
0
0
0
0
0
0
0
0
0
0
0
0
0
0
0
0
0
0
-1136
0
0
-1136
0
0
0
0
0
0
8
-1144
0
0
0
0
0
0
0
0
-1344
0
0
0
0
0
-1328
0
0
0
0
0
0
0
0
0
0
0
0
0
0
0
0
0
0
0
0
0
0
0
0
0
0
0
0
0
0
0
0
0
0
0
0
0
0
0
0
0
0
0
0
0
0
0
0
0
0
24
32
40
32
40
24
0
8
8
0
32
40
72
32
40
24
16
8
32
24
16
8
40
16
0
8
8
0
8
0
24
0
16
8
72
16
8
24
0
24
16
8
0
16
32
8
40
8
16
24
24
40
32
8
16
24
24
0
0
32
16
40
32
24
8
112
24
16
24
24
16
24
72
16
24
16
16
24
8
8
72
16
8
0
24
8
0
16
24
24
24
88
80
64
48
40
32
72
72
56
16
16
80
72
64
56
48
40
32
80
64
48
40
32
88
24
16
8
80
72
64
56
48
40
32
16
8
80
88
64
72
56
48
40
32
16
24
72
56
16
8
16
8
16
16
80
48
32
88
24
72
64
56
40
72
64
56
40
88
80
48
32
72
64
56
40
24
16
8
24
16
8
0
24
16
8
72
64
56
40
24
16
8
24
16
8
16
24
72
12
12
40
0
0
0
24
16
16
24
8
0
8
0
24
32
40
12
12
40
0
0
0
40
32
24
40
24
32
8
8
16
16
8
24
72
0
0
24
16
8
0
0
0
0
0
0
0
0
1
1
1
216
200
232
16
40
224
240
248
188
28
48
32
8
16
0
200
208
216
200
232
16
40
224
240
248
188
28
48
32
8
16
0
200
32
88
40
16
8
24
0
24
16
8
0
40
32
1023
1022
1021
24
16
8
40
24
32
16
72
8
-1
16
8
32
40
24
8
-1
40
32
16
8
24
8
16
32
8
32
16
32
16
8
32
24
16
40
72
8
0
8
40
32
16
24
8
0
8
16
8
24
72
24
16
8
0
0
0
-1
-1
-1
0
0
24
8
16
16
24
8
16
-1288
24
8
16
16
24
8
16
16
8
24
24
16
8
24
16
8
16
8
24
24
16
8
-1
0
0
-1
0
-32
-24
-24
-16
-16
-8
-8
0
0
0
-8
0
-1
64
0
8
16
24
32
40
48
56
-8
-72
-64
-56
-48
-40
-32
-24
-16
0
-1
0
-1
-1728
0
0
8
8
16
16
0
0
32
48
40
8
56
0
0
24
16
16
24
0
56
48
40
32
8
56
48
24
16
0
40
32
8
8
272
784
784
528
8
16
788
788
8
16
0
8
16
80
176
168
128
120
112
104
96
184
160
152
144
136
88
56
64
72
24
24
68
0
40
48
68
52
36
0
184
176
168
160
152
144
136
128
120
112
104
96
88
52
36
36
36
36
24
8
16
8
0
40
32
40
32
24
16
8
40
24
16
8
160
0
224
256
232
248
0
8
0
192
240
152
0
216
208
200
184
168
176
0
-4
20
24
16
140
8
16
16
16
16
16
0
96
56
24
48
0
192
248
232
224
160
0
8
8
240
216
208
200
184
176
168
152
248
192
232
224
160
216
208
200
184
176
168
152
0
248
240
192
232
224
160
0
248
232
224
160
0
96
24
16
24
16
56
24
48
104
88
16
112
40
80
72
64
140
64
72
32
80
32
32
32
40
104
32
16
96
140
32
32
40
40
88
0
0
140
140
-1
0
8
0
8
0
240
216
208
200
184
176
168
152
140
16
8
56
48
240
216
208
200
184
168
152
24
16
96
16
16
0
140
16
0
40
140
140
32
32
88
140
140
48
40
104
80
72
64
120
24
64
72
80
104
48
24
48
80
72
64
64
72
80
72
64
48
56
48
64
72
24
140
96
40
88
56
8
56
40
48
40
8
0
32
140
140
140
16
24
24
24
24
8
0
32
48
40
56
32
104
112
40
88
16
104
88
112
40
32
48
40
56
8
8
8
8
8
16
8
32
24
48
48
80
72
64
24
80
72
64
104
88
24
8
140
24
8
8
8
16
16
88
8
112
40
40
140
140
140
32
40
48
40
72
24
80
64
140
64
72
80
24
140
24
48
8
40
8
8
24
8
24
0
16
8
8
16
64
72
48
64
48
8
24
48
8
56
48
24
24
140
48
24
8
24
56
24
104
88
24
16
96
48
56
40
0
8
16
8
48
48
56
56
40
140
80
72
64
104
48
104
64
48
72
80
0
8
8
24
88
88
48
24
72
8
24
24
8
8
40
32
32
336
32
16
8
8
8
24
8
24
8
16
8
16
0
16
-1
32
48
40
56
32
24
8
24
32
32
104
140
140
0
48
40
56
0
8
8
48
40
56
140
112
8
40
112
32
32
0
32
140
48
40
56
32
8
32
32
336
32
16
8
0
32
48
40
56
8
0
8
8
0
88
16
8
0
24
0
0
0
24
16
8
0
88
88
12
8
40
20
20
56
48
8
32
16
0
24
0
0
0
-4
0
0
0
-4
0
0
48
56
32
24
16
8
40
0
56
40
20
20
24
0
0
-4
-4
-4
0
-4
20
24
20
16
24
0
12
24
16
-1408
0
0
0
0
0
0
104
16
8
24
0
0
0
16
24
16
8
0
12
8
0
0
8
104
0
0
0
24
20
32
16
8
40
0
-4
24
40
32
24
8
16
0
0
0
0
24
24
48
40
32
16
56
20
24
8
0
8
0
56
48
40
32
24
16
8
0
0
0
0
0
104
16
8
24
8
0
8
24
16
24
16
8
8
24
16
20
20
32
8
56
48
40
0
0
0
0
0
-4
4
0
0
0
4
-4
-2
4
-4
56
20
48
40
32
24
16
8
32
16
8
40
24
0
0
0
40
32
24
16
8
40
32
8
16
0
24
20
0
32
20
12
8
48
40
24
16
56
8
-4
0
-4
-4
4
20
0
56
40
0
48
32
24
16
8
0
-4
0
-4
20
20
-4
-4
20
0
20
16
8
24
-4
-4
16
0
0
-4
0
0
-4
24
16
20
8
0
24
16
24
20
8
0
24
20
32
16
8
0
40
40
32
24
16
8
0
16
48
24
56
40
32
12
12
56
48
32
24
16
40
8
12
8
12
20
40
56
48
24
8
12
32
32
56
48
40
24
0
20
0
-4
-4
20
-4
0
48
72
64
56
40
32
24
0
8
8
8
16
16
8
0
0
8
8
16
16
0
64
72
56
40
32
24
48
24
16
0
24
16
8
8
8
16
72
48
8
8
8
8
16
24
16
0
8
16
8
16
8
0
0
8
-8
0
24
16
0
8
16
16
8
0
24
16
24
16
24
16
0
8
16
16
24
0
0
32
40
8
16
24
24
16
8
240
224
200
248
232
208
184
80
72
0
0
216
192
168
160
152
72
0
72
0
168
160
152
72
216
192
72
72
1
72
0
216
192
168
160
152
248
240
224
232
208
200
184
72
168
160
152
72
72
72
72
72
0
72
1
72
1
216
192
168
160
152
72
72
1
176
0
0
0
176
168
160
152
0
0
0
136
128
120
112
104
0
16
24
24
8
80
68
0
16
88
32
40
0
80
16
16
32
8
40
32
40
80
72
72
0
176
0
0
72
1
216
192
48
80
56
80
56
48
80
80
80
176
168
160
152
136
128
120
112
104
80
16
72
72
72
72
168
160
152
176
168
160
152
0
0
40
32
16
0
8
32
32
72
40
32
168
160
152
40
32
32
40
8
80
72
80
80
92
88
168
160
152
0
176
168
160
152
80
80
0
68
92
88
0
92
88
72
72
1
0
40
32
8
80
8
8
80
216
192
40
8
80
40
32
80
32
8
80
0
8
0
8
0
0
8
0
8
0
8
0
8
0
0
8
24
16
8
0
0
-1
24
0
0
0
1
0
16
24
8
0
0
0
8
0
0
-1
0
0
8
0
0
0
0
1
-1416
0
0
24
24
0
8
24
24
0
8
24
24
0
8
0
4
0
8
0
2
4
6
8
8
8
6
4
2
0
0
8
0
2
4
6
8
48
56
8
0
16
32
36
24
40
0
12
16
20
56
48
8
0
0
0
-1
0
0
1
0
8
0
0
0
0
8
0
0
-1
0
0
8
0
0
0
0
1
16
8
24
-1408
24
16
8
24
16
8
16
8
24
-1408
24
16
8
24
16
8
0
568
560
520
8
24
0
0
72
192
200
64
552
544
536
528
512
504
496
488
480
472
224
216
208
40
88
104
112
96
16
224
216
224
216
16
16
159
0
232
159
32
56
48
224
159
216
224
216
216
224
216
216
224
216
16
16
32
216
32
0
224
8
552
544
16
536
528
512
504
496
488
480
472
568
560
16
520
8
0
24
48
56
0
32
56
48
32
24
56
48
32
192
200
168
32
48
56
192
200
48
32
80
8
0
136
128
120
80
224
136
128
120
80
216
40
224
216
64
72
0
8
224
216
40
192
200
56
48
48
56
0
216
224
8
88
0
224
216
8
8
0
48
224
48
24
159
0
232
24
24
159
0
56
48
24
32
159
24
48
56
24
224
32
56
48
159
216
80
0
8
224
216
8
0
224
216
80
224
216
8
0
120
80
224
120
80
192
200
80
80
216
224
216
168
40
64
216
72
224
216
40
216
0
224
216
8
224
216
24
24
0
24
331
159
32
56
48
24
24
24
0
159
104
-1
104
40
159
24
0
24
24
24
0
24
159
331
32
56
48
24
0
24
16
0
16
0
24
0
159
24
24
0
160
159
32
224
216
24
56
48
24
24
0
24
24
159
0
24
0
8
96
112
16
104
0
159
159
159
0
216
80
120
0
8
224
216
8
0
224
216
80
120
224
216
8
0
128
120
80
224
80
120
128
8
0
32
0
8
0
128
120
80
224
128
120
80
216
8
224
216
0
224
216
224
216
8
0
48
224
48
168
40
216
224
216
168
40
216
64
72
224
216
40
216
224
216
216
0
224
216
8
224
216
216
136
80
120
128
0
8
224
216
8
0
224
216
80
120
128
136
224
216
159
224
216
8
0
48
224
216
48
40
0
0
8
224
216
8
224
216
8
0
48
224
216
48
8
0
48
224
216
48
24
24
159
0
24
24
0
8
24
24
24
24
0
32
0
331
24
0
32
56
48
224
216
159
24
0
161
159
160
0
24
331
8
0
48
224
48
0
8
0
24
8
552
544
536
528
512
504
496
488
480
472
32
216
8
0
8
224
216
0
224
216
32
24
24
32
159
40
136
80
48
56
48
56
120
128
112
8
104
216
96
0
8
224
216
80
216
224
0
8
216
104
56
40
120
128
136
48
216
0
8
224
216
0
224
216
224
216
0
8
24
56
48
24
0
159
0
331
24
32
56
48
0
224
0
24
24
8
0
128
120
80
159
224
80
120
128
216
216
224
216
40
216
64
72
224
216
40
216
224
8
0
48
168
224
48
159
24
0
8
0
48
224
48
224
216
0
224
192
200
32
48
159
0
24
216
216
64
72
224
216
224
216
8
0
224
216
224
216
0
8
24
159
24
161
160
48
192
200
32
80
88
56
40
40
56
88
168
40
88
56
0
40
40
88
40
56
56
40
40
56
184
-1
184
184
-1
-1
168
40
168
176
177
-1
-1
0
-1
88
40
88
64
48
56
48
200
159
32
56
48
224
216
8
0
80
224
80
0
331
24
112
96
80
56
48
40
32
32
40
48
56
80
-1
8
0
80
224
80
24
331
48
56
24
24
16
0
0
8
159
56
48
32
8
0
48
168
224
216
48
0
80
56
40
32
40
56
80
192
200
32
80
192
200
48
32
80
0
120
56
40
40
56
120
48
184
168
40
48
56
48
80
159
177
0
88
159
40
40
0
128
120
56
56
120
128
40
128
120
56
56
120
128
184
184
0
184
40
168
168
176
177
178
32
80
0
224
168
40
176
168
177
40
48
64
8
0
48
168
224
48
159
168
120
56
40
40
56
120
184
40
168
48
48
24
56
48
176
168
177
8
0
48
168
40
224
48
64
40
40
48
32
80
0
120
56
40
120
40
56
40
0
224
216
8
0
48
224
216
48
56
48
48
128
120
56
56
120
128
168
104
0
1
104
48
56
56
48
112
0
168
64
56
88
40
-1
0
120
56
40
40
48
56
120
80
32
32
32
40
168
88
48
32
80
64
24
0
24
0
0
16
56
48
48
56
32
40
168
8
16
16
56
48
32
16
48
40
56
0
24
16
8
32
32
24
16
8
56
48
40
56
48
32
24
16
8
40
16
128
136
0
24
32
136
128
18
120
112
12
136
128
120
112
120
112
120
112
128
18
120
112
136
12
136
128
120
112
136
128
112
120
136
128
112
120
0
0
0
0
0
0
16
8
24
24
16
8
24
16
8
16
8
24
24
16
8
24
16
8
8
24
8
8
0
-8
0
8
16
24
0
8
16
8
0
8
0
0
8
16
0
8
0
32
40
20
20
24
0
0
-4
-4
-4
0
-4
20
24
56
0
112
104
96
40
136
128
120
88
80
72
64
48
8
16
0
0
0
0
0
0
8
0
136
128
120
112
104
96
88
80
72
64
56
48
40
24
24
0
0
1
0
0
0
0
0
8
0
0
16
16
16
16
-4
0
0
0
-8
0
0
0
0
16
24
0
0
0
0
32
0
0
-4
1
40
24
-4
2
0
0
0
2
0
-4
0
-4
0
-4
16
0
8
4
-4
0
16
8
-4
-4
40
24
32
0
40
24
0
0
4
-4
0
20
20
24
0
0
-4
-4
-4
0
-4
20
24
20
16
8
24
-4
0
24
16
0
8
24
16
24
8
0
0
72
40
112
104
96
88
80
64
32
120
56
48
24
28
24
28
24
120
112
104
96
88
80
72
64
48
40
32
56
28
0
28
28
0
28
24
24
0
-8
0
28
28
28
24
0
0
28
24
28
24
24
8
24
8
28
28
20
-4
0
0
8
8
16
24
20
-4
-4
-4
24
16
8
20
0
0
328
-1624
336
280
320
312
288
256
72
344
40
160
184
176
0
0
56
304
296
272
248
112
176
0
8
0
16
0
8
16
72
176
0
0
160
304
296
272
248
0
176
56
160
160
184
40
184
160
56
176
1
344
336
328
320
312
288
280
256
16
8
0
0
8
16
176
176
176
176
176
0
176
1
176
1
1
176
0
304
296
272
248
176
176
0
176
0
304
296
272
248
176
160
160
16
0
0
16
40
72
32
24
8
0
0
8
24
32
64
16
0
64
32
0
8
0
168
164
184
168
0
8
168
8
0
164
168
104
264
164
164
112
168
104
232
224
216
208
200
0
64
120
0
64
0
128
120
48
32
136
184
8
184
20
168
164
0
48
32
0
64
20
24
16
24
80
164
168
8
152
184
24
184
184
20
104
32
164
164
168
164
8
176
176
0
8
0
0
8
304
296
272
248
56
16
64
16
32
0
160
16
16
40
72
24
8
0
64
0
8
24
176
176
0
64
16
0
160
32
104
184
0
164
168
8
24
80
184
168
164
184
168
48
24
160
80
128
136
160
164
168
72
0
120
168
304
296
272
264
248
232
224
216
208
200
56
24
8
0
164
0
8
24
184
164
176
176
176
176
160
72
304
296
272
248
0
184
32
20
160
128
136
168
0
168
72
0
120
168
184
264
232
224
216
208
200
160
0
72
0
112
184
20
160
160
304
296
272
248
0
32
128
136
164
184
0
160
24
20
164
184
24
164
164
160
8
96
88
88
96
20
20
0
0
-4
20
20
0
0
184
164
164
88
88
8
184
20
24
0
-8
0
20
168
104
24
104
168
48
0
24
16
16
80
16
80
24
80
24
80
184
168
104
104
184
168
184
20
0
172
24
24
16
16
80
168
164
8
24
80
24
80
24
80
160
80
128
136
160
8
88
88
88
8
88
160
24
80
24
20
24
176
88
88
20
128
136
184
104
168
164
184
80
80
80
16
80
56
72
160
176
128
136
56
16
56
16
232
224
216
208
200
232
224
216
208
200
104
20
184
184
168
168
264
232
224
216
208
200
0
184
72
0
160
264
0
176
176
0
32
128
136
160
104
160
168
184
164
168
184
0
16
40
72
32
24
8
0
0
8
24
32
64
160
184
24
20
-4
0
0
160
24
8
0
24
8
0
56
16
172
32
24
8
0
0
172
32
24
8
0
0
40
16
72
32
24
8
0
0
8
24
32
128
136
160
160
184
24
104
160
184
160
20
24
112
184
24
168
20
24
164
160
40
160
0
8
24
32
0
128
136
40
24
48
56
64
72
8
24
32
40
24
48
56
64
72
8
24
408
400
384
368
456
72
392
448
424
416
360
440
432
376
112
104
96
48
40
56
8
112
104
112
104
8
8
87
0
120
87
112
104
87
112
104
112
104
112
104
8
8
104
112
448
440
432
424
416
392
376
360
456
8
408
400
384
368
456
384
368
408
400
72
64
32
24
16
112
104
72
64
32
24
16
219
87
112
104
87
24
16
87
16
24
87
120
87
48
-1
0
48
87
87
87
88
0
219
0
0
112
104
8
0
8
0
87
-1
87
16
8
56
40
16
40
48
16
0
87
87
0
87
24
16
32
64
0
8
112
104
112
104
16
32
64
24
112
104
32
24
16
32
112
104
24
16
16
24
32
0
8
112
104
112
104
16
24
32
112
104
32
24
16
112
104
32
24
112
104
16
16
112
16
64
32
24
16
112
104
64
32
24
16
104
16
0
8
112
104
112
104
16
112
104
16
112
16
8
-1
112
104
87
24
16
32
64
72
0
8
112
104
112
104
16
32
64
72
24
112
104
87
0
219
87
0
219
87
0
219
16
16
24
87
0
219
64
32
24
16
87
112
104
16
24
32
64
89
87
88
0
219
87
0
219
40
56
72
64
48
32
24
16
64
24
16
32
1
48
72
-1
87
8
0
0
16
172
18
48
64
1216
1208
1200
1224
40
16
172
18
48
64
0
24
12
32
16
1224
1216
1200
1208
40
12
48
32
24
56
56
48
40
32
24
16
16
0
32
24
8
0
16
16
8
0
16
8
0
8
336
0
8
0
8
0
24
40
336
32
40
32
0
0
24
0
40
24
8
8
0
32
8
24
336
16
0
0
16
24
8
16
24
8
16
24
8
0
336
16
8
24
0
0
24
16
8
24
16
8
24
16
8
0
8
24
16
0
0
16
24
8
16
24
8
16
24
8
0
24
16
8
24
16
0
0
0
8
24
0
0
16
8
0
8
8
0
0
8
24
16
0
0
16
24
8
16
24
8
16
24
8
16
0
16
16
8
24
24
16
8
24
16
8
8
0
8
0
0
0
8
0
136
152
144
152
144
136
0
120
12
120
120
8
8
0
8
0
8
0
0
8
0
8
0
0
8
8
8
0
8
0
8
0
0
0
8
16
20
24
28
32
48
64
56
72
88
104
0
2
4
8
10
12
14
16
80
72
24
40
56
80
48
32
88
72
64
56
40
24
16
8
88
80
72
64
56
48
40
32
24
16
8
40
32
24
16
8
0
40
32
24
16
8
0
24
16
8
24
16
8
24
16
8
24
16
8
0
